%% H_2 page130
a_1 = [4.078323210e+04, -8.009186040e+02, 8.214702010e+00,-1.269714457e-02, 1.753605076e-05,...
-1.202860270e-08, 3.368093490e-12, 2.682484665e+03, -3.043788844e+01 ];
a_2 = [5.608128010e+05, -8.371504740e+02, 2.975364532e+00, 1.252249124e-03, -3.740716190e-07,... 
 5.936625200e-11, -3.606994100e-15, 5.339824410e+03, -2.202774769e+00];
a_3 = [4.966884120e+08, -3.147547149e+05, 7.984121880e+01, -8.414789210e-03, 4.753248350e-07,... 
-1.371873492e-11, 1.605461756e-16, 2.488433516e+06, -6.695728110e+02];
a = [a_1;a_2;a_3];
coeff_nasa9.H2=a;
%% 0_2 page166
a_1 = [-3.42556342e+04, 484.700097, 1.119010961, 4.29388924e-03, -6.83630052e-07,...
      -2.0233727e-09, 1.039040018e-12, -3391.45487, 18.4969947];
a_2 = [-1.037939022e+06, 2344.830282, 1.819732036, 1.267847582e-03, -2.188067988e-07,...
      2.053719572e-11, -8.19346705e-16, -1.689010929e+04, 17.38716506];
a_3 = [4.9752943e+08, -2.866106874e+05, 66.9035225, -6.16995902e-03, 3.016396027e-07,...
      -7.4214166e-12, 7.27817577e-17, 2.293554027e+06, -553.062161];
a = [a_1;a_2;a_3];
coeff_nasa9.O2=a;
%% N_2 page156
a_1 = [2.210371497e+04, -381.846182, 6.08273836, -8.53091441e-03, 1.384646189e-05,...
      -9.62579362e-09, 2.519705809e-12, 710.846086, -10.76003744];
a_2 = [5.87712406e+05, -2239.249073, 6.06694922, -6.1396855e-04, 1.491806679e-07,...
      -1.923105485e-11, 1.061954386e-15, 1.283210415e+04, -15.86640027];
a_3 = [8.31013916e+08, -6.42073354e+05, 202.0264635, -0.03065092046, 2.486903333e-06,...
      -9.70595411e-11, 1.437538881e-15, 4.93870704e+06, -1672.09974];
a = [a_1;a_2;a_3];
coeff_nasa9.N2=a;
%% H page128
a_1 = [ 0.000000000e+00, 0.000000000e+00, 2.500000000e+00, 0.000000000e+00, 0.000000000e+00,... 
 0.000000000e+00, 0.000000000e+00, 2.547370801e+04,-4.466828530e-01];
a_2 = [ 6.078774250e+01, -1.819354417e-01, 2.500211817e+00, -1.226512864e-07, 3.732876330e-11,... 
-5.687744560e-15, 3.410210197e-19, 2.547486398e+04, -4.481917770e-01];
a_3 = [ 2.173757694e+08, -1.312035403e+05, 3.399174200e+01, -3.813999680e-03, 2.432854837e-07 ,...
-7.694275540e-12, 9.644105630e-17, 1.067638086e+06, -2.742301051e+02];
a = [a_1;a_2;a_3];
coeff_nasa9.H=a;
%% HNO page129
a_1 = [-6.854764860e+04, 9.551627200e+02, -6.000720210e-01, 7.995176750e-03, -6.547079160e-07,... 
-3.670513400e-09, 1.783392519e-12, 6.435351260e+03, 3.048166179e+01];
a_2 = [-5.795614980e+06, 1.945457427e+04, -2.152568374e+01, 1.797428992e-02, -4.976040670e-06,... 
 6.397924170e-10, -3.142619368e-14, -1.104192372e+05, 1.818650338e+02];
a_3 = [ 0, 0, 0, 0, 0 ,0, 0, 0, 0];
a = [a_1;a_2;a_3];
coeff_nasa9.HNO=a;
%% HNO_2 page129
a_1 = [ 8.591985060e+03, 1.203644046e+02, 9.412979120e-01, 1.942891839e-02, -2.253174194e-05,... 
 1.384587594e-08, -3.473550460e-12, -1.106337202e+04, 2.073967331e+01];
a_2 = [ 8.787904130e+05, -3.990455030e+03, 1.187349269e+01, -4.881900610e-04, 7.133636790e-08,... 
-5.376303340e-12, 1.581778986e-16, 1.246343241e+04, -4.608874688e+01];
a_3 = [ 0, 0, 0, 0, 0 ,0, 0, 0, 0];
a = [a_1;a_2;a_3];
coeff_nasa9.HNO2=a;
%% HO_2 page130
a_1 = [ -7.598882540e+04, 1.329383918e+03, -4.677388240e+00, 2.508308202e-02, -3.006551588e-05,... 
 1.895600056e-08, -4.828567390e-12, -5.873350960e+03, 5.193602140e+01];
a_2 = [ -1.810669724e+06, 4.963192030e+03, -1.039498992e+00, 4.560148530e-03, -1.061859447e-06,... 
 1.144567878e-10, -4.763064160e-15, -3.200817190e+04, 4.066850920e+01];
a_3 = [ 0, 0, 0, 0, 0 ,0, 0, 0, 0];
a = [a_1;a_2;a_3];
coeff_nasa9.HO2=a;
%% H_2O page131
a_1 = [ -3.947960830e+04, 5.755731020e+02, 9.317826530e-01, 7.222712860e-03, -7.342557370e-06,... 
 4.955043490e-09, -1.336933246e-12, -3.303974310e+04, 1.724205775e+01];
a_2 = [  1.034972096e+06, -2.412698562e+03, 4.646110780e+00, 2.291998307e-03, -6.836830480e-07,... 
 9.426468930e-11, -4.822380530e-15, -1.384286509e+04, -7.978148510e+00];
a_3 = [ 0, 0, 0, 0, 0 ,0, 0, 0, 0];
a = [a_1;a_2;a_3];
coeff_nasa9.H2O=a;
%% H_2O_2 page131
a_1 = [ -9.279533580e+04, 1.564748385e+03, -5.976460140e+00, 3.270744520e-02, -3.932193260e-05,... 
 2.509255235e-08, -6.465045290e-12, -2.494004728e+04, 5.877174180e+01];
a_2 = [  1.489428027e+06, -5.170821780e+03, 1.128204970e+01, -8.042397790e-05, -1.818383769e-08,... 
 6.947265590e-12, -4.827831900e-16, 1.418251038e+04, -4.650855660e+01];
a_3 = [ 0, 0, 0, 0, 0 ,0, 0, 0, 0];
a = [a_1;a_2;a_3];
coeff_nasa9.H2O2=a;
%% N page153
a_1 = [0.0, 0.0, 2.5, 0.0, 0.0, 0.0, 0.0, 5.61046378e+04, 4.193905036];
a_2 = [8.87650138e+04, -107.12315, 2.362188287, 2.916720081e-04, -1.7295151e-07,...
      4.01265788e-11, -2.677227571e-15, 5.69735133e+04, 4.865231506];
a_3 = [5.47518105e+08, -3.10757498e+05, 69.1678274, -6.84798813e-03, 3.8275724e-07,...
      -1.098367709e-11, 1.277986024e-16, 2.550585618e+06, -584.8769753];
a = [a_1;a_2;a_3];
coeff_nasa9.N=a;
%% NH page154
a_1 = [ 1.359651320e+04, -1.900296604e+02, 4.518496790e+00, -2.432776899e-03, 2.377587464e-06,... 
-2.592797084e-10, -2.659680792e-13, 4.280972190e+04, -3.886561616e+00];
a_2 = [ 1.958141991e+06, -5.782861300e+03, 9.335742020e+00, -2.292910311e-03, 6.076092480e-07,... 
-6.647942750e-11, 2.384234783e-15, 7.898912340e+04, -4.116970400e+01];
a_3 = [ 9.524636790e+07, -8.585826910e+04, 2.980445181e+01, -2.979563697e-03, 1.656334158e-07,...
-4.744791840e-12, 5.570148290e-17, 6.961434270e+05, -2.229027419e+02];
a = [a_1;a_2;a_3];
coeff_nasa9.NH=a;
%% NH_2 page154
a_1 = [ -3.118240659e+04, 4.754243390e+02, 1.372395176e+00, 6.306429720e-03, -5.987893560e-06,...
 4.492752340e-09, -1.414073548e-12, 1.928939662e+04, 1.540126885e+01];
a_2 = [ 2.111053740e+06, -6.880627230e+03, 1.132305924e+01, -1.829236741e-03, 5.643890090e-07,... 
-7.886452480e-11, 4.078593450e-15, 6.503778560e+04, -5.359155744e+01];
a_3 = [ 0, 0, 0, 0, 0 ,0, 0, 0, 0];
a = [a_1;a_2;a_3];
coeff_nasa9.NH2=a;
%% NH_3 page154
a_1 = [-7.681226150e+04, 1.270951578e+03, -3.893229130e+00, 2.145988418e-02, -2.183766703e-05,... 
 1.317385706e-08, -3.332322060e-12, -1.264886413e+04, 4.366014588e+01];
a_2 = [ 2.452389535e+06, -8.040894240e+03, 1.271346201e+01, -3.980186580e-04, 3.552502750e-08,...
 2.530923570e-12, -3.322700530e-16, 4.386191960e+04, -6.462330602e+01];
a_3 = [ 0, 0, 0, 0, 0 ,0, 0, 0, 0];
a = [a_1;a_2;a_3];
coeff_nasa9.NH3=a;
%% NO page155
a_1 = [-1.143916503e+04, 153.6467592, 3.43146873, -2.668592368e-03, 8.48139912e-06,...
      -7.68511105e-09, 2.386797655e-12, 9098.21441, 6.72872549];
a_2 = [2.239018716e+05, -1289.651623, 5.43393603, -3.6560349e-04, 9.88096645e-08,...
      -1.416076856e-11, 9.38018462e-16, 1.750317656e+04, -8.50166909];
a_3 = [-9.57530354e+08, 5.91243448e+05, -138.4566826, 0.01694339403, -1.007351096e-06,...
      2.912584076e-11, -3.29510935e-16, -4.67750124e+06, 1242.081216];
a = [a_1;a_2;a_3];
coeff_nasa9.NO=a;
%% NO_2 page155
a_1 = [-5.642038780e+04, 9.633085720e+02, -2.434510974e+00, 1.927760886e-02, -1.874559328e-05,... 
 9.145497730e-09, -1.777647635e-12, -1.547925037e+03, 4.067851210e+01];
a_2 = [ 7.213001570e+05, -3.832615200e+03, 1.113963285e+01, -2.238062246e-03, 6.547723430e-07,...
-7.611335900e-11, 3.328361050e-15, 2.502497403e+04, -4.305130040e+01];
a_3 = [ 0, 0, 0, 0, 0 ,0, 0, 0, 0];
a = [a_1;a_2;a_3];
coeff_nasa9.NO2=a;
%% O page164
a_1 = [-7953.6113, 160.7177787, 1.966226438, 1.01367031e-03, -1.110415423e-06,...
      6.5175075e-10, -1.584779251e-13, 2.840362437e+04, 8.40424182];
a_2 = [2.619020262e+05, -729.872203, 3.31717727, -4.28133436e-04, 1.036104594e-07,...
      -9.43830433e-12, 2.725038297e-16, 3.39242806e+04, -0.667958535];
a_3 = [1.779004264e+08, -1.082328257e+05, 28.10778365, -2.975232262e-03,...
      1.854997534e-07, -5.79623154e-12, 7.191720164e-17, 8.89094263e+05, -218.1728151];
a = [a_1;a_2;a_3];
coeff_nasa9.O=a;
%% OH page165
a_1 = [-1.998858990e+03, 9.300136160e+01, 3.050854229e+00, 1.529529288e-03, -3.157890998e-06,... 
 3.315446180e-09, -1.138762683e-12, 2.991214235e+03, 4.674110790e+00];
